========================================================================
  INFORME TOP CONFIGURACIONES POR MÉTODO
========================================================================

── DOCLAYOUT ──────────────────────────────────────
 Pos    conf    nms  merge   boxes   dups     score
--------------------------------------------------------
   8    0.30   0.40     10     9.1      0     18.11
   9    0.30   0.30     10     8.9      0     17.89
  14    0.10   0.30      5    13.7      1     17.33
  15    0.40   0.40     10     8.2      0     16.44
  16    0.40   0.30     10     8.2      0     16.33
  17    0.20   0.30      5    12.7      1     15.33
  23    0.30   0.40      5    12.0      1     14.00
  24    0.30   0.30      5    11.9      1     13.78
  25    0.30   0.60     15     6.8      0     13.56
  26    0.30   0.50     15     6.7      0     13.44

── DOCLING ──────────────────────────────────────
 Pos    conf    nms  merge   boxes   dups     score
--------------------------------------------------------
   1   N/A     0.60      5    13.0      0     26.00
   2   N/A     0.40      5    12.9      0     25.89
   3   N/A     0.50      5    12.9      0     25.89
   7   N/A     0.30      5    12.1      0     24.22
  10   N/A     0.60     10     8.7      0     17.44
  11   N/A     0.30     10     8.7      0     17.33
  12   N/A     0.40     10     8.7      0     17.33
  13   N/A     0.50     10     8.7      0     17.33
  19   N/A     0.60     15     7.3      0     14.67
  20   N/A     0.30     15     7.3      0     14.56

── OPENCV ──────────────────────────────────────
 Pos    conf    nms  merge   boxes   dups     score
--------------------------------------------------------
  65   N/A     N/A      20     2.1      0      4.22
  66   N/A     N/A      10     2.1      0      4.22
  67   N/A     N/A       5     2.1      0      4.22
  68   N/A     N/A      15     2.1      0      4.22

── PADDLEOCR ──────────────────────────────────────
 Pos    conf    nms  merge   boxes   dups     score
--------------------------------------------------------
   4   N/A     0.50      5    12.4      0     24.78
   5   N/A     0.30      5    12.4      0     24.78
   6   N/A     0.40      5    12.4      0     24.78
  18   N/A     0.60      5    12.7      1     15.33
  86   N/A     0.60     20     6.7      1      3.44
  87   N/A     0.30     20     6.4      1      2.89
  88   N/A     0.50     20     6.4      1      2.89
  89   N/A     0.40     20     6.4      1      2.89
 125   N/A     0.50     10     9.7      2     -0.56
 126   N/A     0.30     10     9.7      2     -0.56

── YOLO11 ──────────────────────────────────────
 Pos    conf    nms  merge   boxes   dups     score
--------------------------------------------------------
  50    0.10   0.60      5     3.9      0      7.78
  51    0.10   0.50     10     3.8      0      7.56
  52    0.10   0.50      5     3.8      0      7.56
  53    0.10   0.50     15     3.7      0      7.44
  54    0.10   0.50     20     3.7      0      7.33
  55    0.10   0.40      5     3.5      0      7.00
  56    0.10   0.40     10     3.5      0      7.00
  57    0.10   0.30      5     3.5      0      7.00
  58    0.10   0.30     10     3.4      0      6.89
  59    0.10   0.40     15     3.4      0      6.89

========================================================================